0 0.47643215625 0.0182446125 0.057619003125 0.0141476890625 0.065071915625 0.0941114546875 0.48024113437500004 0.0982496890625 0.47643215625 0.0182446125
0 0.8820791484375 0.011347625 0.5647618609375 0.010697034375000001 0.560227796875 0.0954908578125 0.8801745859375 0.0982496890625 0.8820791484375 0.011347625
0 0.9430213515625001 0.145149140625 0.531428528125 0.1418219484375 0.5278522765625 0.2072220234375 0.946830184375 0.20446324374999997 0.9430213515625001 0.145149140625
0 0.4897633640625 0.13825215468750002 0.0623809078125 0.1349206359375 0.0631674984375 0.21136023124999997 0.485954384375 0.21273960781249998 0.4897633640625 0.13825215468750002
0 0.48404996875000006 0.2527421515625 0.057619003125 0.252242928125 0.06126308125 0.3272296046875 0.4821455515625 0.32998841093750003 0.48404996875000006 0.2527421515625
0 0.9430213515625001 0.2596391390625 0.5335655265625 0.2568803859375 0.5278522765625 0.3244708 0.94111708125 0.3244708 0.9430213515625001 0.2596391390625
0 0.5945078765625 0.539656821875 0.8573212953124999 0.539656821875 0.8516079 0.412752253125 0.5980951953125 0.4161490703125 0.5945078765625 0.4141316296875 0.5945078765625 0.539656821875
0 0.48404996875000006 0.4568929796875 0.0647618609375 0.4575569375 0.049836290625 0.5410363031250001 0.4821455515625 0.5493126140625 0.48404996875000006 0.4568929796875
0 0.46690992812500004 0.6417321953124999 0.0552380515625 0.6387163578124999 0.055549684375 0.7065639874999999 0.461196678125 0.7107020640624999 0.46690992812500004 0.6417321953124999
0 0.948734746875 0.64035281875 0.5338094796874999 0.6352657015625 0.5183300484375 0.7079432578125 0.9449259140624999 0.7120814921874999 0.948734746875 0.64035281875
0 0.946830184375 0.75622221875 0.531428528125 0.754313321875 0.531661109375 0.8238127109375 0.9430213515625001 0.8251920875 0.946830184375 0.75622221875
0 0.4726233234375 0.7576015953125 0.0552380515625 0.7594893046875 0.053645268749999996 0.8238127109375 0.4726233234375 0.8265714640624999 0.4726233234375 0.7576015953125
0 0.4688143453125 0.8707121375 0.0623809078125 0.86818495625 0.053645268749999996 0.93968200625 0.46690992812500004 0.9424408640624999 0.4688143453125 0.8707121375